Sub Num	Months	Sex	Order	Tr Num	Prescreen Notes	L-image	C-Image	R-image	Target Side	Target Image	Condition	Response	First Shift Gap	RT	CritOnSet	CritOffSet	 	 	 	 	 	 	 	 	 	 	 	 	 	 	 	 	 	 	 	 	 	 	 	 	 	 	 	 	 	 	 	 	 	 	 	 	 	 	 	 	 	 	 	 	 	 	 	 	 	 	 	 	 	 	 	 	 	 	 	 	F0	F33	F67	F100	F133	F167	F200	F233	F267	F300	F333	F367	F400	F433	F467	F500	F533	F567	F600	F633	F667	F700	F733	F767	F800	F833	F867	F900	F933	F967	F1000	F1033	F1067	F1100	F1133	F1167	F1200	F1233	F1267	F1300	F1333	F1367	F1400	F1433	F1467	F1500	F1533	F1567	F1600	F1633	F1667	F1700	F1733	F1767	F1800	F1833	F1867	F1900	F1933	F1967	F2000	F2033	F2067	F2100	F2133	F2167	F2200	F2233	F2267	F2300	F2333	F2367	F2400	F2433	F2467	F2500	F2533	F2567	F2600	F2633	F2667	F2700	F2733	F2767	F2800	F2833	F2867	F2900	F2933	F2967	F3000	F3033	F3067	F3100	F3133	F3167	F3200	F3233	F3267	F3300	F3333	F3367	F3400	F3433	F3467	F3500	F3533	F3567	F3600	F3633	F3667	F3700	F3733	F3767	F3800	F3833	F3867	F3900	F3933	F3967	F4000	F4033	F4067	F4100	F4133	F4167	F4200	F4233	F4267	F4300	F4333	F4367	F4400	F4433	F4467	F4500	F4533	F4567	F4600	F4633	F4667	F4700	F4733	F4767	F4800	F4833	F4867	F4900	F4933	F4967	F5000	F5033	F5067	F5100	F5133	F5167	F5200	F5233	F5267	F5300	F5333	F5367	F5400	F5433	F5467	F5500	F5533	F5567	F5600	F5633	F5667	F5700	F5733	F5767	F5800	F5833	F5867	
143	19	M	cp1b	1		peas	o	strawberry	r	strawberry	familiar	D	2	367.00	2000	3800	-	-	-	-	-	-	-	-	-	.	0	0	0	0	0	0	0	0	0	0	0	0	0	0	0	0	.	.	.	1	1	1	1	1	1	1	1	1	1	1	1	1	1	1	1	1	1	1	1	1	1	1	1	1	.	.	.	0	0	0	0	0	0	0	0	0	0	0	0	0	0	.	.	1	1	1	1	1	1	1	1	1	1	1	1	1	1	1	1	1	1	1	1	1	1	1	1	1	1	1	1	1	1	1	1	1	1	1	1	1	1	1	1	1	1	1	1	1	1	.	.	.	.	0	0	0	0	0	0	0	0	0	0	0	0	0	0	0	0	0	0	0	0	0	0	0	0	0	0	0	0	0	
143	19	M	cp1b	2		pig	o	cow	r	cow	test	T	4	967.00	2000	3800	-	-	-	-	-	-	-	-	-	.	.	.	0	0	0	0	0	0	0	0	0	0	0	0	0	0	0	0	0	0	0	0	0	0	0	0	0	0	0	0	0	0	0	0	0	0	0	0	0	0	0	0	0	0	0	.	.	.	.	1	1	1	1	1	1	1	1	1	1	1	1	1	1	1	1	1	1	1	1	1	1	1	1	1	1	1	1	1	1	.	.	.	.	0	0	0	0	0	0	0	0	0	0	0	0	0	0	0	0	0	0	.	.	.	.	1	1	1	1	1	1	1	1	1	1	1	1	1	1	1	1	1	1	1	1	1	1	1	1	1	1	1	1	1	1	1	1	1	1	1	1	1	1	1	1	
143	19	M	cp1b	3		elephant	o	lion	l	elephant	test	D	2	167.00	2000	3800	-	-	-	-	.	.	.	1	1	1	1	1	1	1	1	1	1	1	1	1	1	1	1	1	1	1	1	1	1	1	1	1	.	.	.	0	0	0	0	0	0	0	0	0	0	0	0	0	0	0	0	0	0	0	0	0	0	0	0	0	0	0	0	0	0	.	.	1	1	1	1	1	1	1	1	1	1	1	1	1	1	1	1	1	1	1	1	1	1	1	1	1	1	1	1	1	1	1	1	1	1	1	1	1	1	1	1	1	1	1	1	1	1	1	1	1	1	1	1	1	1	1	1	1	1	1	1	1	1	1	1	1	1	1	1	1	1	1	1	1	1	1	.	.	0	0	0	0	0	0	0	0	0	0	
143	19	M	cp1b	4		duck	o	monkey	l	duck	familiar	D	2	333.00	2000	3800	-	-	-	-	-	-	.	1	1	1	1	1	1	1	1	1	1	1	1	1	1	1	1	1	.	.	.	0	0	0	0	0	0	0	0	0	0	0	0	0	0	0	0	0	0	0	0	0	0	0	0	0	0	0	0	0	0	0	0	0	0	0	0	0	0	0	0	0	0	0	.	.	1	1	1	1	1	1	1	1	1	1	1	1	1	1	1	1	1	1	1	1	1	1	1	1	1	1	1	1	1	1	1	1	1	1	1	1	1	1	1	1	1	1	1	1	1	1	1	1	1	1	1	1	1	1	1	1	1	1	1	1	1	1	1	1	1	1	1	1	1	1	1	1	.	-	-	-	-	-	-	-	.	.	1	
143	19	M	cp1b	5		zebra	o	frog	r	frog	familiar	T			2000	3800	-	-	-	-	-	-	-	-	.	0	0	0	0	0	0	0	0	0	0	0	0	0	0	0	0	0	0	0	0	0	0	.	.	1	1	1	1	1	1	1	1	1	1	1	1	1	1	1	1	1	1	1	1	1	1	1	1	1	1	1	1	1	1	1	1	1	1	1	1	1	1	1	1	1	1	1	1	1	1	1	1	1	1	1	1	1	1	1	1	1	1	1	1	1	1	1	1	1	1	1	1	1	1	1	1	1	1	1	1	1	1	1	1	1	1	1	1	1	1	1	1	1	1	1	1	1	1	1	1	1	1	1	1	1	1	1	1	1	1	1	1	1	1	1	1	1	1	1	1	1	1	1	1	.	.	
143	19	M	cp1b	6		lion	o	elephant	l	lion	test	D	3	233.00	2000	3800	-	-	-	-	-	-	-	.	.	1	1	1	1	1	1	1	1	1	1	1	1	1	1	1	1	1	1	1	1	1	1	.	.	.	0	0	0	0	0	0	0	0	0	0	0	0	0	0	0	0	0	0	0	0	0	0	0	0	0	0	0	0	0	0	0	0	0	.	.	.	1	1	1	1	1	1	1	1	1	1	1	1	1	1	1	1	1	1	1	1	1	1	1	1	1	1	1	1	1	1	1	1	1	1	1	1	1	1	1	1	1	1	1	1	1	1	1	1	1	1	1	1	1	1	1	1	1	1	1	1	1	1	1	1	1	1	1	1	1	1	1	1	1	1	1	1	1	1	1	1	1	1	1	1	1	
143	19	M	cp1b	8		zebra	o	frog	l	zebra	familiar	D	2	100.00	2000	3800	-	-	-	-	-	-	-	-	.	1	1	1	1	1	1	1	1	1	1	1	1	1	1	1	.	.	.	0	0	0	0	0	0	0	0	0	0	0	0	0	0	0	0	0	0	0	0	0	0	0	0	0	0	0	0	0	0	0	0	0	0	0	0	.	.	1	1	1	1	1	1	1	1	1	1	1	1	1	1	1	1	1	1	1	1	1	1	1	1	1	1	1	1	1	1	1	1	1	1	1	1	1	1	1	1	1	1	1	1	1	1	1	1	1	1	1	1	1	1	1	1	1	1	1	1	1	1	1	1	1	1	1	1	1	1	1	1	1	1	1	1	1	1	1	1	1	1	1	1	1	1	1	1	1	1	
143	19	M	cp1b	9		grapes	o	banana	r	banana	test	T	2	33.00	2000	3800	-	-	-	-	-	-	-	.	0	0	0	0	0	0	0	0	0	0	0	.	.	1	1	1	1	1	1	1	1	1	1	1	1	1	1	1	1	1	1	1	1	1	1	1	1	1	1	1	1	1	1	1	1	1	1	1	1	1	1	1	1	.	.	0	0	0	0	0	0	0	0	0	0	0	0	0	0	0	0	0	0	0	0	.	.	1	1	1	1	1	1	1	1	1	1	1	1	1	1	1	1	1	1	1	1	1	1	1	1	1	1	1	1	1	1	1	1	1	1	1	1	1	1	1	1	1	1	1	1	1	1	1	1	1	1	1	1	1	1	1	1	1	1	1	1	1	1	1	1	1	1	.	.	.	0	
143	19	M	cp1b	10		strawberry	o	peas	r	peas	familiar	D	3	433.00	2000	3800	-	-	-	-	-	-	-	.	.	0	0	0	0	0	0	0	0	0	0	0	0	0	0	0	0	0	0	0	0	.	.	.	1	1	1	1	1	1	1	1	1	1	1	1	1	1	1	1	1	1	1	1	1	.	.	.	0	0	0	0	0	0	0	0	0	0	0	0	0	0	0	0	0	.	.	.	1	1	1	1	1	1	1	1	1	1	1	1	1	1	1	1	1	.	.	.	0	0	0	0	0	0	0	0	0	0	0	0	0	0	0	0	0	0	0	0	0	0	0	0	0	0	0	0	0	0	0	0	0	0	0	0	0	0	0	0	0	0	0	0	0	0	0	0	0	0	0	0	0	.	-	-	-	-	-	
143	19	M	cp1b	11		cow	o	pig	r	pig	test	T	3	33.00	2000	3800	-	-	-	-	-	-	-	.	0	0	0	0	0	0	0	0	0	0	0	0	0	0	0	0	0	0	0	0	0	0	0	0	0	0	0	0	0	.	.	1	1	1	1	1	1	1	1	1	1	1	1	1	1	1	1	1	1	1	1	1	1	.	.	.	0	0	0	0	0	0	0	0	0	0	0	0	0	.	.	.	1	1	1	1	1	1	1	1	1	1	1	1	1	1	1	1	1	1	1	1	1	1	1	1	1	1	1	1	1	1	1	1	1	1	1	1	1	1	1	1	1	1	1	1	1	1	1	1	1	1	1	1	1	1	1	1	1	1	1	1	1	1	1	1	1	.	.	.	0	0	0	0	0	0	0	
143	19	M	cp1b	12		monkey	o	duck	l	monkey	familiar	D	2	133.00	2000	3800	-	-	-	-	-	.	1	1	1	1	1	1	1	1	1	1	1	1	1	1	1	1	1	1	.	.	.	0	0	0	0	0	0	0	0	0	0	0	0	0	0	0	0	0	0	0	0	0	0	0	0	0	0	0	0	0	0	0	0	0	0	0	0	0	.	.	1	1	1	1	1	1	1	1	1	1	1	1	1	1	1	1	1	1	1	1	1	1	1	1	1	1	1	1	1	1	1	1	1	1	1	1	1	1	1	1	1	1	1	1	1	1	1	1	.	.	0	0	0	0	0	0	0	0	0	0	0	0	0	0	0	0	0	0	0	0	0	0	0	0	0	0	0	0	0	0	0	0	0	0	0	0	0	0	0	0	
143	19	M	cp1b	13		banana	o	grapes	r	grapes	test	D	3	1100.00	2000	3800	-	-	-	-	-	-	-	-	-	-	-	-	-	-	-	-	-	.	1	1	1	1	1	1	1	1	1	1	1	1	1	1	1	1	1	.	.	.	0	0	0	0	0	0	0	0	0	0	0	0	0	0	0	0	0	0	0	0	0	0	0	0	0	0	0	0	0	0	0	0	0	0	0	0	0	0	0	0	0	0	0	0	0	0	0	0	0	0	0	0	0	0	0	.	.	.	1	1	1	1	1	1	1	1	1	1	1	1	1	1	1	1	1	1	1	1	1	1	1	1	1	1	1	1	1	1	.	.	.	0	0	0	0	0	0	0	0	0	0	0	0	0	0	0	0	0	0	0	0	0	0	0	0	0	0	
143	19	M	cp1b	15		zebra	o	frog	r	frog	familiar	A	2	600.00	2000	3800	-	-	-	-	-	.	0	0	0	0	0	0	0	0	0	0	0	0	0	0	0	0	0	.	.	.	.	1	1	1	1	1	1	1	1	1	1	1	1	1	1	1	1	1	1	1	1	1	1	1	1	1	1	1	1	1	1	1	1	.	.	.	0	0	0	0	0	0	0	0	0	0	0	0	0	0	0	0	.	.	1	1	1	1	1	1	1	1	1	1	1	1	1	1	1	1	1	1	1	1	1	1	1	1	1	1	1	1	1	1	1	1	1	1	1	1	1	1	1	1	1	1	1	1	1	1	1	1	1	1	1	1	1	1	1	1	1	1	1	1	1	1	1	1	1	1	1	1	1	1	1	1	1	1	1	1	
143	19	M	cp1b	16		peas	o	strawberry	l	peas	familiar	D	12	333.00	2000	3800	-	-	-	-	-	-	.	.	1	1	1	1	1	1	1	1	1	1	1	1	.	.	0	0	0	0	0	0	0	0	0	0	0	0	0	0	0	0	0	0	0	0	0	0	0	0	0	0	0	0	0	0	0	0	0	0	0	0	0	0	0	0	0	0	0	0	0	0	0	0	.	-	-	-	-	-	-	-	-	-	.	.	1	1	1	1	1	1	1	1	1	1	1	1	1	1	1	1	1	1	1	1	1	1	1	1	1	1	1	1	1	1	1	1	1	.	.	.	0	0	0	0	0	0	0	0	0	0	0	0	0	0	0	0	0	0	0	0	0	0	0	0	0	0	0	0	0	0	0	0	0	0	0	0	0	
143	19	M	cp1b	17		pig	o	cow	l	pig	test	T	4	633.00	2000	3800	-	-	-	-	-	-	.	.	.	1	1	1	1	1	1	1	1	1	.	.	0	0	0	0	0	0	0	0	0	0	0	0	0	0	0	0	0	0	0	0	0	0	0	0	0	.	.	.	1	1	1	1	1	1	1	1	1	1	1	1	1	1	1	1	1	1	1	1	1	1	1	1	1	1	1	1	1	1	1	.	.	.	.	0	0	0	0	0	0	0	0	0	0	0	0	0	0	0	0	0	0	0	0	0	0	0	0	0	.	.	.	.	1	1	1	1	1	1	1	1	1	1	1	1	1	1	1	1	1	1	1	1	1	1	1	1	1	1	1	1	1	1	1	1	1	1	1	1	1	1	1	1	1	1	1	
143	19	M	cp1b	18		zebra	o	frog	l	zebra	familiar	T	3	2400.00	2000	3800	-	-	-	-	-	-	-	-	-	.	.	1	1	1	1	1	1	1	1	1	1	1	1	1	1	1	1	.	.	.	0	0	0	0	0	0	0	0	0	0	0	0	0	0	0	0	0	.	.	1	1	1	1	1	1	1	1	1	1	1	1	1	1	1	1	1	1	1	1	1	1	1	1	1	1	1	1	1	1	1	1	1	1	1	1	1	1	1	1	1	1	1	1	1	1	1	1	1	1	1	1	1	1	1	1	1	1	1	1	1	1	1	1	1	1	1	1	1	1	1	1	1	1	1	1	1	1	1	1	1	1	1	.	.	.	0	0	0	0	0	0	0	0	0	0	0	0	0	0	0	0	0	0	0	0	
143	19	M	cp1b	19		monkey	o	duck	r	duck	familiar	D	2	200.00	2000	3800	-	-	-	-	-	-	.	.	0	0	0	0	0	0	0	0	0	0	0	0	0	0	0	0	0	0	0	.	.	.	1	1	1	1	1	1	1	1	1	1	1	1	1	1	1	1	1	.	0	0	0	0	0	0	0	0	0	0	0	0	0	0	0	0	0	0	.	.	1	1	1	1	1	1	1	1	1	1	1	1	1	1	1	1	1	1	1	1	1	1	1	1	1	1	1	1	1	1	1	1	1	1	1	1	1	1	1	1	1	1	1	1	1	1	1	1	1	1	1	1	1	1	1	1	1	1	1	1	1	1	1	1	1	1	1	1	1	1	1	1	1	1	1	1	1	1	1	1	1	1	1	1	1	1	
143	19	M	cp1b	20		elephant	o	lion	r	lion	test	D	1	567.00	2000	3800	-	-	-	-	-	-	-	.	0	0	0	0	0	0	0	0	0	0	0	0	0	0	0	0	0	0	0	0	0	0	0	0	0	0	0	0	0	0	0	0	0	0	0	0	0	0	0	0	0	0	0	0	0	0	0	0	0	0	0	0	0	0	0	0	0	0	0	0	0	0	0	0	0	0	0	0	0	.	1	1	1	1	1	1	1	1	1	1	1	1	1	1	1	1	1	1	1	1	1	1	1	1	1	1	1	1	1	1	1	1	1	1	1	1	1	1	1	1	1	1	1	1	1	1	1	1	1	1	1	1	1	1	1	1	1	1	1	1	1	1	1	1	1	1	1	1	1	1	1	1	1	1	1	1	1	
143	19	M	cp1b	22		strawberry	o	peas	l	strawberry	familiar	D	3	233.00	2000	3800	-	-	-	-	-	-	.	1	1	1	1	1	1	1	1	1	1	1	1	1	1	1	1	1	.	.	0	0	0	0	0	0	0	0	0	0	0	0	0	0	0	0	0	0	0	0	0	0	0	0	0	0	0	0	0	0	0	0	0	0	0	0	0	0	0	0	0	.	.	.	1	1	1	1	1	1	1	1	1	1	1	1	1	1	1	1	1	1	1	1	1	1	1	1	1	1	1	1	1	1	1	1	1	1	1	1	1	1	1	1	1	1	1	1	1	1	1	1	.	.	0	0	0	0	0	0	0	0	0	0	0	0	0	0	0	0	0	0	0	0	0	0	.	.	1	1	1	1	1	1	1	1	1	1	1	
143	19	M	cp1b	23		cow	o	pig	l	cow	test	A			2000	3800	-	-	-	-	-	-	-	-	-	-	-	-	-	-	.	1	1	1	1	1	1	1	1	1	1	1	1	1	1	1	1	.	.	.	0	0	0	0	0	0	0	0	0	0	0	0	0	0	0	0	0	0	0	0	0	0	0	0	0	0	.	.	1	1	1	1	1	1	1	1	1	1	1	1	1	1	1	1	1	1	1	1	1	1	1	1	1	1	1	1	1	1	1	1	1	1	1	1	1	1	1	1	1	1	1	1	1	1	1	1	1	1	1	1	1	1	1	1	1	1	1	1	1	1	1	1	1	1	1	1	1	1	1	1	1	1	1	1	1	1	1	1	1	1	1	1	1	1	1	1	1	1	1	1	1	
143	19	M	cp1b	24		duck	o	monkey	r	monkey	familiar	T			2000	3800	-	-	-	-	-	-	.	0	0	0	0	0	0	0	0	0	0	0	0	0	0	0	.	.	.	.	1	1	1	1	1	1	1	1	1	1	1	1	1	1	1	1	1	1	1	1	1	1	1	1	1	1	1	1	1	1	1	1	1	1	1	1	1	1	1	1	1	1	1	1	1	1	1	1	1	1	1	1	1	1	1	1	1	1	1	1	1	1	1	1	1	1	1	1	1	1	1	1	1	1	1	1	1	1	1	1	1	1	1	1	1	1	1	1	1	1	1	1	1	1	1	1	1	1	1	1	1	1	1	1	1	1	1	1	1	1	1	1	1	1	1	1	1	1	1	1	1	1	1	1	1	1	1	1	1	
143	19	M	cp1b	25		grapes	o	banana	l	grapes	test	T	3	233.00	2000	3800	-	-	-	-	-	-	-	-	-	-	-	-	-	-	.	.	0	0	0	0	0	0	0	0	0	0	0	0	0	0	0	0	0	0	0	0	0	0	0	0	0	0	0	0	0	0	.	.	.	1	1	1	1	1	1	1	1	1	1	1	1	1	1	1	1	1	1	.	.	.	0	0	0	0	0	0	0	0	0	0	0	0	0	0	0	0	0	0	0	0	0	0	0	0	0	0	0	0	0	0	0	0	0	0	0	0	0	0	0	0	0	0	0	0	0	0	0	0	0	0	0	0	0	0	0	0	0	0	0	0	0	0	0	0	0	0	0	0	0	0	0	0	0	0	0	0	0	0	0	0	0	0	0	0	0	
143	19	M	cp1b	26		banana	o	grapes	l	banana	test	D	36	367.00	2000	3800	-	-	-	-	-	-	-	-	-	.	0	0	0	0	0	0	0	0	0	0	0	0	0	0	0	0	0	0	0	0	0	0	0	0	0	0	0	0	0	0	0	0	0	0	0	0	0	0	0	0	0	0	0	0	0	0	0	0	0	0	0	0	0	0	0	0	0	0	0	0	0	.	-	-	-	-	-	-	-	-	-	-	-	-	-	-	-	-	-	-	-	-	-	-	-	-	-	-	-	-	-	-	-	-	-	-	.	1	1	1	1	1	1	1	1	1	1	1	1	1	1	1	1	1	1	1	1	1	1	1	1	1	1	1	1	1	1	1	.	.	.	.	0	0	0	0	0	0	0	0	0	0	0	0	0	
143	19	M	cp1b	27		lion	o	elephant	r	elephant	test	T			2000	3800	-	-	-	-	-	-	-	-	-	.	.	.	0	0	0	0	0	0	0	0	0	0	0	0	0	0	0	0	0	0	0	0	0	0	0	0	0	0	0	0	0	0	0	0	0	.	.	.	.	1	1	1	1	1	1	1	1	1	1	1	1	1	1	1	1	1	1	1	1	1	1	1	1	1	1	1	1	1	1	1	1	1	1	1	1	1	1	1	1	1	1	1	1	1	1	1	1	1	1	1	1	1	1	1	1	1	1	1	1	1	1	1	1	1	1	1	1	1	1	1	1	1	1	1	1	1	1	1	1	1	1	1	1	1	1	1	1	1	1	1	1	1	1	1	1	1	1	1	1	1	1	1	1	1	1	1	
143	19	M	cp1b	29		frog	o	zebra	l	frog	familiar	D	3	600.00	2000	3800	-	-	-	-	-	-	-	.	.	1	1	1	1	1	1	1	1	1	1	1	1	1	1	1	1	1	1	1	1	1	1	1	1	1	1	1	1	1	1	1	1	1	1	1	1	1	1	1	1	1	.	.	.	.	0	0	0	0	0	0	0	0	0	0	0	0	0	0	0	0	0	0	0	0	0	0	0	0	.	.	.	1	1	1	1	1	1	1	1	1	1	1	1	1	1	1	1	1	1	1	1	1	1	1	1	1	1	1	1	1	1	1	1	1	1	1	1	1	1	1	1	1	1	1	1	1	1	1	1	1	1	1	1	1	1	1	1	1	1	1	1	1	1	1	1	1	1	1	1	1	1	1	1	1	1	1	
143	19	M	cp1b	30		monkey	o	duck	r	duck	familiar	D	3	233.00	2000	3800	-	-	-	-	-	-	.	.	0	0	0	0	0	0	0	0	0	0	0	0	0	0	0	.	.	1	1	1	1	1	1	1	1	1	1	1	1	1	1	1	1	1	1	1	1	1	.	.	.	.	0	0	0	0	0	0	0	0	0	0	0	0	0	0	0	0	0	.	.	.	1	1	1	1	1	1	1	1	1	1	1	1	1	1	1	1	1	1	1	1	1	1	1	1	1	1	1	1	1	1	1	1	1	1	1	1	1	1	1	1	1	1	1	1	1	1	1	1	1	1	1	1	1	1	1	1	1	1	1	1	1	1	1	1	1	1	1	1	1	1	1	1	1	1	1	1	1	1	1	1	1	1	1	1	1	
143	19	M	cp1b	31		cow	o	pig	r	pig	test	D	3	133.00	2000	3800	-	-	-	-	-	-	-	.	0	0	0	0	0	0	0	0	0	0	0	0	0	0	0	0	0	0	0	0	0	0	0	0	0	0	0	0	0	0	0	0	0	0	0	0	0	0	0	0	0	0	0	0	0	0	0	0	0	0	0	0	0	0	0	0	.	.	.	1	1	1	1	1	1	1	1	1	1	1	1	1	1	1	1	1	1	1	1	1	1	1	1	1	1	1	1	1	1	1	1	1	1	1	1	1	1	1	1	1	1	1	1	1	1	1	1	1	1	1	1	1	1	1	1	1	1	1	1	1	1	1	1	1	1	1	1	1	1	1	.	.	.	0	0	0	0	0	0	0	0	0	0	0	0	0	0	
143	19	M	cp1b	32		elephant	o	lion	r	lion	test	T	4	33.00	2000	3800	-	-	-	-	-	-	.	0	0	0	0	0	0	0	0	0	0	0	0	0	0	0	0	0	0	.	.	.	1	1	1	1	1	1	1	1	1	1	1	1	1	1	1	1	1	1	1	1	1	1	1	1	1	1	1	1	1	1	1	1	1	.	.	.	.	0	0	0	0	0	0	0	0	.	.	1	1	1	1	1	1	1	1	1	1	1	1	1	1	1	1	1	1	1	1	1	1	1	1	1	1	1	1	1	1	1	1	1	1	1	1	1	1	1	1	1	1	1	1	1	1	1	1	1	1	1	1	1	1	1	1	1	1	1	1	1	1	1	1	.	.	.	0	0	0	0	0	0	0	0	0	0	0	0	0	
143	19	M	cp1b	33		strawberry	o	peas	l	strawberry	familiar	D	3	133.00	2000	3800	-	-	-	-	-	-	.	.	.	1	1	1	1	1	1	1	1	1	1	1	1	1	1	1	1	1	1	1	1	.	.	.	.	0	0	0	0	0	0	0	0	0	0	0	0	0	0	0	0	0	0	0	0	0	0	0	0	0	0	0	0	0	0	0	.	.	.	1	1	1	1	1	1	1	1	1	1	1	1	1	1	1	1	1	1	1	1	1	1	1	1	1	1	1	1	1	1	1	1	1	1	1	1	1	1	1	1	1	1	1	1	1	1	1	1	1	1	1	1	1	1	1	1	1	1	1	1	1	1	1	1	1	1	1	1	1	1	1	1	1	1	1	1	1	1	1	1	1	1	1	1	1	1	1	
143	19	M	cp1b	34		grapes	o	banana	r	banana	test	A	3	333.00	2000	3800	-	.	1	1	1	1	1	1	1	.	.	0	0	0	0	0	0	0	0	0	0	0	0	0	0	0	0	0	0	0	0	0	0	0	.	.	.	.	1	1	1	1	1	1	1	1	1	1	1	1	1	1	1	1	1	1	1	1	1	1	.	.	0	0	0	0	0	0	0	0	.	.	.	1	1	1	1	1	1	1	1	1	1	1	1	1	1	1	1	1	1	1	1	1	1	1	1	1	1	1	1	1	1	1	1	1	1	1	1	1	1	1	1	1	1	1	1	1	1	1	1	1	1	1	1	1	1	1	1	1	1	1	1	1	1	1	1	1	1	1	1	1	1	1	1	1	1	1	1	1	1	1	1	1	1	1	
143	19	M	cp1b	36		frog	o	zebra	r	zebra	familiar	T	3	2533.00	2000	3800	-	-	-	-	-	-	-	-	-	.	.	0	0	0	0	0	0	0	0	0	0	0	0	0	0	0	0	0	0	0	0	0	0	0	.	.	.	.	.	1	1	1	1	1	1	1	1	1	1	1	1	1	1	1	1	1	1	1	1	1	1	1	1	1	1	1	1	1	1	1	1	1	1	1	1	1	1	1	1	1	1	1	1	1	1	1	1	1	1	1	1	1	1	1	1	1	1	1	1	1	1	1	1	1	1	1	1	1	1	1	1	1	1	1	1	1	1	1	1	1	1	1	1	1	1	1	1	1	1	1	1	1	1	1	1	1	.	.	.	0	0	0	0	0	0	0	0	0	0	0	0	0	0	0	0	0	
143	19	M	cp1b	37		monkey	o	duck	l	monkey	familiar	D	3	367.00	2000	3800	-	-	.	.	1	1	1	1	1	1	1	1	1	1	1	1	1	1	1	1	1	.	.	.	.	0	0	0	0	0	0	0	0	0	0	0	0	0	0	0	0	0	0	0	0	0	0	0	0	0	0	0	0	0	0	0	0	0	0	0	0	0	0	0	0	0	0	0	0	0	0	.	.	.	1	1	1	1	1	1	1	1	1	1	1	1	1	1	1	1	1	1	1	1	1	1	1	1	1	1	1	1	1	1	1	1	1	1	1	1	1	1	1	1	1	1	1	1	1	1	1	1	1	1	1	1	1	1	1	1	1	1	1	1	1	1	1	1	1	1	1	1	1	1	1	1	1	1	1	1	1	1	1	1	
143	19	M	cp1b	38		pig	o	cow	r	cow	test	D	3	733.00	2000	3800	-	-	-	-	-	-	.	.	.	0	0	0	0	0	0	0	0	0	0	0	0	0	0	0	0	0	0	0	0	0	0	0	0	0	0	0	0	0	0	0	0	0	0	0	0	0	0	0	0	0	0	0	0	0	0	0	0	0	0	0	0	0	0	0	0	0	0	0	0	0	0	0	0	0	0	0	0	0	0	0	0	0	.	.	.	1	1	1	1	1	1	1	1	1	1	1	1	1	1	1	1	1	1	1	1	1	1	1	1	1	1	1	1	1	1	1	1	1	1	1	1	1	1	1	1	1	1	1	1	1	1	1	1	1	1	1	1	1	1	1	1	.	.	.	0	0	0	0	0	0	0	0	0	0	
143	19	M	cp1b	39		elephant	o	lion	l	elephant	test	D	3	167.00	2000	3800	-	-	-	-	-	-	-	-	.	1	1	1	1	1	1	1	1	1	1	1	1	1	1	1	1	1	.	.	0	0	0	0	0	0	0	0	0	0	0	0	0	0	0	0	0	0	0	0	0	0	0	0	0	0	0	0	0	0	0	0	0	0	0	0	0	.	.	.	1	1	1	1	1	1	1	1	1	1	1	1	1	1	1	1	1	1	1	1	1	1	1	1	1	1	1	1	1	1	1	1	1	1	1	1	1	1	1	1	1	1	1	1	1	1	1	1	1	1	1	1	1	1	1	1	1	1	1	1	1	1	1	1	1	1	1	1	1	1	1	1	1	1	1	1	1	1	1	1	1	1	1	1	1	1	1	
143	19	M	cp1b	40		strawberry	o	peas	r	peas	familiar	D	2	333.00	2000	3800	-	-	-	-	-	-	.	0	0	0	0	0	0	0	0	0	0	0	0	0	0	0	0	0	0	.	.	1	1	1	1	1	1	1	1	1	1	1	1	1	1	1	1	1	1	1	1	1	1	1	1	.	.	.	0	0	0	0	0	0	0	0	0	0	0	0	0	0	0	0	.	.	1	1	1	1	1	1	1	1	1	1	1	1	1	1	1	1	1	1	1	1	1	1	1	1	1	1	1	1	1	1	1	1	1	1	1	1	1	1	1	1	1	1	1	1	1	1	1	1	1	1	1	1	1	1	1	1	1	1	1	1	1	1	1	1	1	1	1	1	1	1	1	1	1	1	1	1	1	1	1	1	1	1	1	
143	19	M	cp1b	41		banana	o	grapes	r	grapes	test	T	4	2933.00	2000	3800	-	-	-	-	-	-	-	-	.	0	0	0	0	0	0	0	.	.	1	1	1	1	1	1	1	1	1	1	1	1	1	1	1	1	1	1	1	1	1	1	1	1	1	1	1	1	1	1	1	1	1	1	1	1	1	1	1	1	1	1	1	1	1	1	1	1	1	1	1	1	1	1	1	1	1	1	1	1	1	1	1	1	1	1	1	1	1	1	1	1	1	1	1	1	1	1	1	1	1	1	1	1	1	1	1	1	1	1	1	1	1	1	1	1	1	1	1	1	1	1	1	1	1	1	1	1	1	1	1	1	1	1	1	1	1	1	1	1	1	1	1	1	1	1	1	1	1	1	.	.	.	.	0	0	0	0	0	
