Sub Num	Months	Sex	Order	Tr Num	Prescreen Notes	L-image	C-Image	R-image	Target Side	Target Image	Condition	Response	First Shift Gap	RT	CritOnSet	CritOffSet	 	 	 	 	 	 	 	 	 	 	 	 	 	 	 	 	 	 	 	 	 	 	 	 	 	 	 	 	 	 	 	 	 	 	 	 	 	 	 	 	 	 	 	 	 	 	 	 	 	 	 	 	 	 	 	 	 	 	 	 	F0	F33	F67	F100	F133	F167	F200	F233	F267	F300	F333	F367	F400	F433	F467	F500	F533	F567	F600	F633	F667	F700	F733	F767	F800	F833	F867	F900	F933	F967	F1000	F1033	F1067	F1100	F1133	F1167	F1200	F1233	F1267	F1300	F1333	F1367	F1400	F1433	F1467	F1500	F1533	F1567	F1600	F1633	F1667	F1700	F1733	F1767	F1800	F1833	F1867	F1900	F1933	F1967	F2000	F2033	F2067	F2100	F2133	F2167	F2200	F2233	F2267	F2300	F2333	F2367	F2400	F2433	F2467	F2500	F2533	F2567	F2600	F2633	F2667	F2700	F2733	F2767	F2800	F2833	F2867	F2900	F2933	F2967	F3000	F3033	F3067	F3100	F3133	F3167	F3200	F3233	F3267	F3300	F3333	F3367	F3400	F3433	F3467	F3500	F3533	F3567	F3600	F3633	F3667	F3700	F3733	F3767	F3800	F3833	F3867	F3900	F3933	F3967	F4000	F4033	F4067	F4100	F4133	F4167	F4200	F4233	F4267	F4300	F4333	F4367	F4400	F4433	F4467	F4500	F4533	F4567	F4600	F4633	F4667	F4700	F4733	F4767	F4800	F4833	F4867	F4900	F4933	F4967	F5000	F5033	F5067	F5100	F5133	F5167	F5200	F5233	F5267	F5300	F5333	F5367	F5400	F5433	F5467	F5500	F5533	F5567	F5600	F5633	F5667	F5700	F5733	F5767	F5800	F5833	F5867	
169	20	F	cp2a	1		banana	o	grapes	r	grapes	familiar	D	2	733.00	2000	3800	-	-	-	-	-	-	-	-	-	-	-	-	-	-	-	.	.	1	1	1	1	1	1	1	1	1	1	1	1	1	1	1	1	1	1	1	1	1	.	.	0	0	0	0	0	0	0	0	0	0	0	0	0	0	0	0	0	0	0	0	0	0	0	0	0	0	0	0	0	0	0	0	0	0	0	0	0	0	0	0	0	0	.	.	1	1	1	1	1	1	1	1	1	1	1	1	1	1	1	1	1	1	1	1	1	1	1	1	1	1	1	1	1	1	1	1	1	1	1	1	1	1	1	1	1	1	1	1	1	1	1	1	1	1	1	1	1	1	1	1	1	1	1	1	1	1	1	1	1	
169	20	F	cp2a	2		strawberry	o	peas	r	peas	test	D	2	633.00	2000	3800	-	-	-	.	.	0	0	0	0	0	0	0	0	0	0	0	0	0	.	.	1	1	1	1	1	1	1	1	1	1	1	1	1	1	1	1	1	1	1	1	.	.	0	0	0	0	0	0	0	0	0	0	0	0	0	0	0	0	0	0	0	0	0	0	0	0	0	0	0	0	0	0	0	0	0	0	0	0	0	.	.	1	1	1	1	1	1	1	1	1	1	1	1	1	1	1	.	.	0	0	0	0	0	0	0	0	0	0	0	0	0	0	0	0	0	0	0	0	0	0	0	0	0	0	0	0	0	0	0	0	0	0	0	0	0	0	0	0	0	0	0	
169	20	F	cp2a	3		elephant	o	lion	l	elephant	familiar	D	2	433.00	2000	3800	-	-	-	-	-	-	.	.	0	0	0	0	0	0	0	0	0	0	0	0	0	0	0	0	0	0	0	0	0	.	.	1	1	1	1	1	1	1	1	1	1	1	1	1	1	1	1	1	1	1	1	1	1	1	1	.	.	0	0	0	0	0	0	0	0	0	0	0	0	0	0	0	0	.	.	1	1	1	1	1	1	1	1	1	1	1	1	1	1	1	1	1	1	1	1	1	1	1	1	1	1	1	1	1	1	1	1	1	1	1	1	1	1	1	1	1	1	1	1	1	1	.	.	0	0	0	0	0	0	0	0	0	0	0	0	0	0	0	0	0	0	0	0	0	0	0	
169	20	F	cp2a	4		pig	o	cow	r	cow	familiar	T	2	700.00	2000	3800	-	-	-	-	.	.	1	1	1	1	1	1	1	1	1	1	1	1	1	1	1	1	1	.	.	0	0	0	0	0	0	0	0	0	0	0	0	0	0	0	0	0	0	0	0	0	0	0	0	.	.	.	1	1	1	1	1	1	1	1	1	1	1	1	1	1	1	1	1	1	1	1	1	1	1	1	1	1	1	1	1	.	.	0	0	0	0	0	0	0	0	0	0	0	0	0	0	0	0	0	0	0	0	0	0	0	0	0	0	0	0	0	0	0	0	0	0	0	0	0	0	0	0	0	0	0	0	0	0	0	0	0	0	.	.	1	1	1	1	1	1	1	1	1	1	1	1	
169	20	F	cp2a	5		monkey	o	duck	l	monkey	test	D	2	200.00	2000	3800	-	-	-	.	.	.	.	.	.	.	.	.	.	.	.	.	.	1	1	1	1	1	1	1	1	1	1	1	1	1	1	1	1	1	1	1	1	1	1	1	1	1	1	.	.	0	0	0	0	0	0	0	0	0	0	0	0	0	0	0	0	0	0	0	0	0	.	.	1	1	1	1	1	1	1	1	1	1	1	1	1	1	1	1	1	1	1	1	1	1	1	1	1	1	1	1	1	1	1	1	1	1	1	1	1	1	1	1	1	1	1	1	1	.	.	0	0	0	0	0	0	0	0	0	0	0	0	0	0	0	0	0	0	0	0	0	0	0	0	0	0	0	0	0	0	0	0	0	
169	20	F	cp2a	6		frog	o	zebra	r	zebra	test	T	2	767.00	2000	3800	-	-	-	-	.	.	0	0	0	0	0	0	0	0	0	0	0	0	0	0	0	0	0	0	0	0	0	0	0	0	0	0	0	0	0	0	0	.	.	1	1	1	1	1	1	1	1	1	1	1	1	1	1	1	1	1	1	1	1	1	1	1	1	1	1	1	1	1	1	1	1	1	1	1	1	1	1	1	1	1	1	1	1	.	.	0	0	0	0	0	0	0	0	0	0	0	0	0	0	0	0	.	.	1	1	1	1	1	1	1	1	1	1	1	1	1	1	1	1	1	1	1	1	1	1	1	1	1	1	1	1	1	1	1	1	1	1	1	1	1	1	1	1	1	1	1	1	
169	20	F	cp2a	8		grapes	o	banana	r	banana	familiar	D	2	267.00	2000	3800	-	-	-	-	-	-	.	.	.	.	.	.	0	0	0	0	0	0	0	0	0	0	.	.	1	1	1	1	1	1	1	1	1	1	1	1	1	1	1	1	1	1	1	1	1	1	.	.	0	0	0	0	0	0	0	0	0	0	0	0	0	0	0	0	0	0	0	0	.	.	1	1	1	1	1	1	1	1	1	1	1	1	1	1	1	1	1	1	1	1	1	1	1	1	1	1	1	1	1	1	1	1	1	1	1	1	1	1	1	1	1	1	1	1	1	1	1	1	1	1	1	1	1	1	1	1	1	1	1	1	1	1	1	1	1	1	1	1	1	1	.	.	.	
169	20	F	cp2a	9		strawberry	o	peas	l	strawberry	test	T	3	1167.00	2000	3800	-	-	-	.	.	.	1	1	1	1	1	1	1	1	1	1	1	1	1	1	1	1	1	1	1	1	1	1	1	.	.	.	.	0	0	0	0	0	0	0	0	0	0	0	0	0	0	0	0	.	.	1	1	1	1	1	1	1	1	1	1	1	1	1	1	1	1	1	1	1	1	1	1	1	1	1	1	1	1	1	1	1	1	1	1	1	1	1	1	1	1	1	1	1	1	.	.	.	0	0	0	0	0	0	0	0	0	0	0	0	0	0	0	0	0	0	0	.	.	1	1	1	1	1	1	1	1	1	.	.	0	0	0	0	0	0	0	0	0	0	0	0	.	.	1	1	1	
169	20	F	cp2a	10		elephant	o	lion	r	lion	familiar	T	2	767.00	2000	3800	-	.	1	1	1	1	1	1	1	1	1	1	1	1	1	1	1	1	1	1	1	1	1	1	.	.	0	0	0	0	0	0	0	0	0	0	0	0	0	0	0	0	0	0	0	0	0	0	0	0	0	0	0	0	0	0	.	.	1	1	1	1	1	1	1	1	1	1	1	1	1	1	1	1	1	1	1	1	1	1	1	1	1	.	.	0	0	0	0	0	0	0	0	0	0	0	0	0	0	0	0	0	0	.	.	.	.	.	1	1	1	1	1	1	1	1	1	1	1	1	1	1	1	1	1	1	1	1	1	1	1	1	1	1	1	1	1	1	1	1	1	1	1	1	1	1	1	1	
169	20	F	cp2a	11		cow	o	pig	r	pig	familiar	D	2	700.00	2000	3800	-	-	.	0	0	0	0	0	0	0	0	0	0	0	0	0	0	0	0	0	0	0	0	0	0	0	0	0	0	0	0	.	.	1	1	1	1	1	1	1	1	1	1	1	1	1	1	1	1	1	.	.	0	0	0	0	0	0	0	0	0	0	0	0	0	0	0	0	0	0	0	0	0	0	0	0	0	0	0	0	0	.	.	1	1	1	1	1	1	1	1	1	1	1	1	1	1	1	1	1	1	1	1	1	1	1	1	1	1	1	1	1	1	1	1	1	1	1	1	1	1	1	1	.	.	0	0	0	0	0	0	0	0	0	0	0	0	0	0	0	0	0	0	0	0	0	0	0	
169	20	F	cp2a	12		monkey	o	duck	r	duck	test	T	2	333.00	2000	3800	-	-	-	.	1	1	1	1	1	1	1	1	1	1	1	1	1	1	1	1	1	1	1	1	1	1	1	1	.	.	0	0	0	0	0	0	0	0	0	0	0	0	0	0	0	0	0	0	0	.	.	1	1	1	1	1	1	1	1	1	1	1	1	1	1	1	1	1	1	1	.	.	0	0	0	0	0	0	0	0	0	0	0	0	0	0	0	0	0	0	0	0	0	0	0	0	0	0	0	.	.	1	1	1	1	1	1	1	1	1	1	1	1	1	1	1	1	1	1	1	1	1	1	1	1	1	1	1	1	1	1	1	1	1	1	1	1	1	1	1	1	1	1	1	1	1	
169	20	F	cp2a	13		frog	o	zebra	l	frog	test	D	2	867.00	2000	3800	-	-	-	.	.	0	0	0	0	0	0	0	0	0	0	0	0	0	0	0	0	.	.	1	1	1	1	1	1	1	1	1	1	1	1	1	1	1	1	1	1	1	1	1	1	1	1	1	1	1	1	1	1	1	1	1	1	.	.	.	0	0	0	0	0	0	0	0	0	0	0	0	0	0	0	0	0	0	0	0	0	0	0	0	0	0	.	.	1	1	1	1	1	1	1	1	1	1	1	1	1	1	1	1	1	1	1	1	1	1	1	1	1	1	1	1	1	1	1	1	1	1	1	1	1	1	1	1	1	1	1	1	1	1	1	1	1	1	1	1	1	1	1	1	1	1	1	
169	20	F	cp2a	15		banana	o	grapes	l	banana	familiar	D	2	433.00	2000	3800	-	-	-	.	.	.	0	0	0	0	0	0	0	0	0	0	0	0	0	0	0	0	.	.	1	1	1	1	1	1	1	1	1	1	1	1	1	1	1	1	1	1	1	1	1	1	1	1	1	1	1	1	1	.	.	.	0	0	0	0	0	0	0	0	0	0	0	0	0	0	0	0	0	.	.	1	1	1	1	1	1	1	1	1	1	1	1	1	1	1	.	.	0	0	0	0	0	0	0	0	0	0	0	0	0	0	0	0	0	0	0	0	0	0	0	0	0	0	0	0	0	0	0	0	0	0	0	0	0	0	0	0	0	0	0	0	0	.	.	1	1	1	1	1	1	1	1	1	
169	20	F	cp2a	16		lion	o	elephant	r	elephant	familiar	T	3	233.00	2000	3800	-	-	-	-	.	.	0	0	0	0	0	0	0	0	0	0	0	0	0	0	0	0	0	0	0	0	0	0	0	0	0	0	0	.	.	.	1	1	1	1	1	1	1	1	1	1	1	1	1	1	1	1	1	1	1	1	1	1	1	1	1	1	1	1	1	1	1	.	.	.	0	0	0	0	0	0	0	0	0	.	.	.	1	1	1	1	1	1	1	1	1	1	1	1	1	1	1	1	1	1	1	1	1	1	1	1	1	1	1	1	1	1	1	1	1	1	1	1	1	1	1	1	1	1	1	1	1	.	.	.	0	0	0	0	0	0	0	0	0	0	0	0	0	0	0	0	0	0	
169	20	F	cp2a	17		grapes	o	banana	l	grapes	familiar	D	2	333.00	2000	3800	-	-	-	-	-	.	0	0	0	0	0	0	.	.	.	1	1	1	1	1	1	1	1	1	1	1	1	1	1	1	1	1	1	1	1	1	1	1	1	1	.	.	0	0	0	0	0	0	0	0	0	0	0	0	0	0	0	0	0	0	0	0	0	0	0	0	0	0	0	0	.	.	1	1	1	1	1	1	1	1	1	1	1	1	1	1	1	1	1	1	1	1	1	1	1	1	1	1	1	1	1	1	1	1	1	1	1	1	1	1	1	1	1	1	1	1	1	1	1	1	1	1	1	1	1	1	1	1	1	1	1	1	1	1	1	1	1	1	1	1	1	1	1	1	1	1	1	1	
169	20	F	cp2a	18		duck	o	monkey	r	monkey	test	T			2000	3800	-	-	-	-	-	.	.	.	1	1	1	1	1	1	1	1	1	1	1	1	1	1	1	1	1	1	.	.	0	0	0	0	0	0	0	0	0	0	0	0	0	0	0	0	0	.	.	1	1	1	1	1	1	1	1	1	1	1	1	1	1	1	1	1	1	1	1	1	1	1	1	1	1	1	1	1	1	1	1	1	1	1	1	1	1	1	1	1	1	1	1	1	1	1	1	1	1	1	1	1	1	1	1	1	1	1	1	1	1	1	1	1	1	1	1	1	1	1	1	1	1	1	1	1	1	1	1	1	1	1	1	1	1	1	1	1	1	1	1	1	1	1	1	1	1	1	1	
169	20	F	cp2a	19		cow	o	pig	l	cow	familiar	D	2	233.00	2000	3800	-	-	-	.	0	0	0	0	0	0	0	0	0	0	0	0	0	0	0	0	0	0	0	.	.	1	1	1	1	1	1	1	1	1	1	1	1	1	1	1	1	1	1	1	1	1	1	1	1	1	1	1	1	1	1	.	.	.	0	0	0	0	0	0	0	0	0	.	.	1	1	1	1	1	1	1	1	1	1	1	1	1	1	1	1	1	1	.	.	.	.	0	0	0	0	0	0	0	0	0	0	0	0	0	0	.	.	1	1	1	1	1	1	1	1	1	1	1	1	1	1	1	1	1	1	1	1	1	1	1	1	1	1	1	1	1	1	1	1	1	1	1	1	1	1	
169	20	F	cp2a	20		strawberry	o	peas	l	strawberry	test	D	2	1100.00	2000	3800	-	-	-	-	-	-	-	-	-	-	.	1	1	1	1	1	1	1	1	1	1	1	1	1	1	1	.	.	0	0	0	0	0	0	0	0	0	0	0	0	0	0	0	0	0	0	0	0	0	0	0	0	0	0	0	0	0	0	0	0	0	0	0	0	0	0	0	0	0	0	0	0	0	0	0	0	0	0	0	0	0	0	0	0	0	0	0	0	0	0	0	0	0	.	.	1	1	1	1	1	1	1	1	1	1	1	1	1	1	1	1	1	1	1	1	1	1	1	1	1	1	1	1	1	1	1	1	1	1	1	1	.	.	.	0	0	0	0	0	0	0	0	0	0	0	0	0	0	
169	20	F	cp2a	22		elephant	o	lion	r	lion	familiar	D	2	467.00	2000	3800	.	.	1	1	1	1	1	1	1	1	1	1	1	1	1	1	1	1	1	1	1	1	1	1	1	1	1	1	1	1	1	1	1	1	1	1	1	1	1	1	1	.	.	0	0	0	0	0	0	0	0	0	0	0	0	0	0	0	0	0	0	0	0	0	0	0	0	0	0	0	0	0	0	0	.	.	1	1	1	1	1	1	1	1	1	1	1	1	1	1	1	1	1	1	1	1	1	1	1	1	1	1	1	1	1	1	1	1	1	1	1	1	1	1	1	1	1	1	1	1	1	1	1	1	1	1	1	1	1	1	1	1	1	1	1	1	1	1	1	1	1	1	1	1	1	1	1	
169	20	F	cp2a	23		monkey	o	duck	r	duck	test	T	3	267.00	2000	3800	-	-	-	-	-	-	-	-	-	.	.	1	1	1	1	1	1	1	1	1	1	1	1	1	1	1	1	.	.	0	0	0	0	0	0	0	0	0	0	0	0	0	0	0	0	0	.	.	.	1	1	1	1	1	1	1	1	1	1	1	1	1	1	1	1	1	1	1	.	.	.	0	0	0	0	0	0	0	0	0	0	0	0	0	0	0	0	0	0	0	0	0	0	0	0	0	0	0	0	0	0	0	0	0	0	0	0	.	.	1	1	1	1	1	1	1	1	1	1	1	1	1	1	1	1	1	1	1	1	1	1	1	1	1	1	1	1	1	1	1	1	1	1	1	1	1	1	
169	20	F	cp2a	24		zebra	o	frog	l	zebra	test	D	2	400.00	2000	3800	-	-	-	-	-	-	-	-	.	.	0	0	0	0	0	0	0	0	0	0	0	0	0	0	0	0	0	0	0	0	0	0	0	0	0	0	0	.	.	1	1	1	1	1	1	1	1	1	1	1	1	1	1	1	1	1	1	1	.	0	0	0	0	0	0	0	0	0	0	0	0	0	.	.	1	1	1	1	1	1	1	1	1	1	1	1	1	1	1	1	1	1	1	1	1	1	1	1	1	1	1	1	1	1	1	1	1	1	1	1	1	1	1	1	1	.	.	0	0	0	0	0	0	0	0	0	0	0	0	0	0	0	0	0	0	0	0	0	0	0	0	0	0	0	0	0	0	
169	20	F	cp2a	25		pig	o	cow	l	pig	familiar	D	2	333.00	2000	3800	-	-	-	-	-	.	.	0	0	0	0	0	0	0	0	0	0	0	0	.	1	1	1	1	1	1	1	1	1	1	1	1	1	1	1	1	1	1	1	1	1	1	1	1	1	1	1	1	1	1	1	1	1	1	1	1	1	.	.	.	0	0	0	0	0	0	0	0	0	0	.	.	1	1	1	1	1	1	1	1	1	1	1	1	1	1	1	1	1	1	1	1	1	1	1	1	1	.	.	0	0	0	0	0	0	0	0	0	0	0	0	0	0	0	0	0	0	0	0	0	0	0	0	0	0	0	0	0	0	0	0	0	0	0	0	0	0	0	0	0	0	0	0	0	0	0	0	0	0	
169	20	F	cp2a	26		peas	o	strawberry	l	peas	test	D	2	2167.00	2000	3800	-	-	-	-	-	-	.	0	0	0	0	0	0	0	0	0	0	0	0	0	0	0	0	0	0	0	.	.	1	1	1	1	1	1	1	1	1	1	1	1	1	1	1	1	1	1	1	1	1	1	1	1	1	1	1	.	.	0	0	0	0	0	0	0	0	0	0	0	0	0	0	0	0	0	0	0	0	0	0	0	0	0	0	0	0	0	0	0	0	0	0	0	0	0	0	0	0	0	0	0	0	0	0	0	0	0	0	0	0	0	0	0	0	0	0	0	0	0	0	0	0	0	0	0	0	.	.	1	1	1	1	1	1	1	1	1	1	1	1	1	1	1	1	1	1	1	1	1	
169	20	F	cp2a	27		zebra	o	frog	r	frog	test	T	2	133.00	2000	3800	-	-	-	-	-	-	.	.	0	0	0	0	0	0	0	0	0	0	0	0	0	0	0	0	0	0	0	0	0	0	0	0	.	.	1	1	1	1	1	1	1	1	1	1	1	1	1	1	1	1	1	1	1	1	1	1	1	1	1	1	1	1	1	1	.	.	0	0	0	0	0	0	0	0	0	0	0	0	0	0	0	0	0	0	0	0	0	0	0	0	0	0	.	.	1	1	1	1	1	1	1	1	1	1	1	1	1	1	1	1	1	1	1	1	1	1	1	1	1	1	1	1	1	1	1	1	1	1	1	1	1	1	1	1	1	1	1	.	.	.	.	0	0	0	0	0	0	
169	20	F	cp2a	29		banana	o	grapes	r	grapes	familiar	D	4	900.00	2000	3800	-	-	-	-	-	-	.	1	1	1	1	1	1	1	1	1	1	1	1	1	1	1	1	1	1	1	1	1	1	1	1	1	1	1	1	1	1	1	1	.	.	0	0	0	0	0	0	0	0	0	0	0	0	0	0	0	0	0	0	0	0	0	0	0	0	0	0	0	0	0	0	0	0	0	0	0	0	0	0	0	0	0	0	0	0	0	0	.	.	.	.	1	1	1	1	1	1	1	1	1	1	1	1	1	1	1	1	1	1	1	1	1	1	1	1	1	1	1	1	1	1	1	1	1	1	1	1	1	1	1	1	1	1	1	1	1	1	1	1	1	1	1	1	1	1	1	1	1	1	
169	20	F	cp2a	30		monkey	o	duck	l	monkey	test	T			2000	3800	-	-	-	-	-	.	1	1	1	1	1	1	1	1	1	1	1	1	1	1	1	1	1	1	1	1	1	1	1	1	1	1	.	.	0	0	0	0	0	0	0	0	0	0	0	0	0	0	0	0	0	.	.	1	1	1	1	1	1	1	1	1	1	1	1	1	1	1	1	1	1	1	1	1	1	1	1	1	1	1	1	1	1	1	1	1	1	1	1	1	1	1	1	1	1	1	1	1	1	1	1	1	1	1	1	1	1	1	1	1	1	1	1	1	1	1	1	1	1	1	1	1	1	1	1	1	1	1	1	1	1	1	1	1	1	1	1	1	1	1	1	1	1	1	1	1	1	1	
169	20	F	cp2a	31		cow	o	pig	r	pig	familiar	D	9	1367.00	2000	3800	-	-	-	.	.	.	.	.	0	0	0	0	0	0	0	0	0	.	.	.	.	.	1	1	1	1	1	1	1	1	1	1	1	1	1	1	.	.	.	.	.	.	.	.	.	0	0	0	0	0	0	0	0	0	0	0	0	0	0	0	0	0	0	0	0	0	0	0	0	0	0	0	0	0	0	0	0	0	0	0	0	0	0	0	0	0	0	0	0	0	0	0	0	0	0	0	0	0	0	0	0	.	.	.	.	.	.	.	.	.	1	1	1	1	1	1	1	1	1	1	1	1	1	1	1	1	1	1	1	1	1	1	1	1	1	1	1	1	1	1	1	1	1	1	1	1	1	1	
169	20	F	cp2a	32		strawberry	o	peas	r	peas	test	T	2	433.00	2000	3800	-	-	-	-	-	.	.	0	0	0	0	0	0	0	0	0	0	0	0	0	0	0	0	0	0	0	0	0	0	0	0	0	0	0	0	0	0	0	0	0	0	0	0	0	0	0	0	0	0	0	0	0	0	.	.	.	1	1	1	1	1	1	1	1	1	1	1	1	1	1	1	1	1	.	.	0	0	0	0	0	0	0	0	0	0	0	0	0	0	0	0	0	0	0	0	0	0	0	0	0	.	.	.	.	.	.	.	.	.	.	.	.	1	1	1	1	1	1	1	1	1	1	1	1	.	.	-	-	-	-	-	-	-	-	-	-	-	-	-	-	-	-	-	-	-	-	-	
169	20	F	cp2a	33		grapes	o	banana	r	banana	familiar	A	19	1000.00	2000	3800	-	-	-	-	-	-	.	.	.	1	1	1	1	1	1	1	1	1	1	.	.	.	0	0	0	0	0	0	0	0	0	0	0	0	0	0	0	0	0	0	0	0	0	0	0	0	0	0	0	0	0	0	0	0	0	0	0	0	0	.	.	.	.	.	.	.	1	1	1	1	1	1	1	1	1	1	1	1	1	1	1	1	1	1	1	1	1	1	1	1	.	.	-	-	-	-	-	-	-	-	-	-	-	-	-	-	-	.	.	0	0	0	0	0	0	0	0	0	0	0	0	0	0	0	0	0	0	0	0	0	0	0	0	0	0	0	0	0	0	0	0	0	0	0	0	0	0	0	
169	20	F	cp2a	34		zebra	o	frog	l	zebra	test	D	2	633.00	2000	3800	-	-	-	-	-	-	-	-	-	-	.	.	.	.	.	.	.	.	.	.	.	.	1	1	1	1	1	1	1	1	1	1	1	1	1	1	1	1	1	1	1	1	1	1	1	1	1	1	1	1	1	1	.	.	.	.	0	0	0	0	0	0	0	0	0	0	0	0	0	0	0	0	0	0	0	0	0	0	0	.	.	1	1	1	1	1	1	1	1	1	1	1	1	1	1	1	1	1	1	1	1	1	1	1	1	1	1	1	1	1	1	1	1	1	1	1	1	1	1	1	1	1	1	1	1	1	1	1	.	.	.	.	.	.	.	.	.	.	.	.	.	.	0	0	0	0	0	
169	20	F	cp2a	36		lion	o	elephant	l	lion	familiar	D	2	300.00	2000	3800	-	-	-	-	-	.	.	1	1	1	1	1	1	1	1	1	1	1	1	1	1	1	1	1	1	1	1	1	1	1	1	1	1	1	1	1	1	1	1	1	1	1	1	1	.	.	0	0	0	0	0	0	0	0	0	0	0	0	0	0	0	0	0	0	0	0	0	0	0	.	.	1	1	1	1	1	1	1	1	1	1	1	1	1	1	1	1	1	1	1	1	1	1	1	1	1	1	1	1	1	1	1	1	1	1	1	1	1	.	.	.	.	0	0	0	0	0	0	0	0	0	0	0	0	0	0	0	0	.	.	1	1	1	1	1	1	1	1	1	1	1	1	1	1	1	1	1	
169	20	F	cp2a	37		zebra	o	frog	r	frog	test	D	6	333.00	2000	3800	-	-	-	-	-	-	-	.	0	0	0	0	0	0	0	0	0	0	0	0	0	0	0	.	.	1	1	1	1	1	1	1	1	1	1	1	1	1	1	1	1	1	1	1	1	.	.	0	0	0	0	0	0	0	0	0	0	0	0	0	0	0	0	0	0	0	0	0	0	0	.	.	.	.	.	.	1	1	1	1	1	1	1	1	1	1	1	1	1	1	1	1	1	1	1	1	1	1	1	.	.	0	0	0	0	0	0	0	0	0	0	0	0	0	0	0	0	0	0	0	0	0	0	0	0	0	0	0	0	0	0	0	0	0	0	0	0	0	0	0	0	0	0	0	0	0	0	0	
169	20	F	cp2a	38		duck	o	monkey	l	duck	test	D	2	133.00	2000	3800	-	-	-	-	-	.	.	.	.	1	1	1	1	1	1	1	1	1	1	1	.	.	0	0	0	0	0	0	0	0	0	0	0	0	0	0	0	0	0	0	0	0	0	0	0	0	0	0	0	0	0	0	0	0	0	0	0	0	0	0	0	0	0	0	.	.	1	1	1	1	1	1	1	1	1	1	1	1	1	1	1	1	1	1	1	1	.	.	.	.	.	.	0	.	1	1	1	1	1	1	1	1	1	1	1	1	1	1	1	1	1	1	1	1	1	1	1	1	1	1	1	1	1	.	.	.	0	0	0	0	0	0	0	0	0	0	0	0	0	0	0	0	0	0	0	0	0	0	0	
169	20	F	cp2a	39		peas	o	strawberry	r	strawberry	test	T	1	933.00	2000	3800	-	-	-	-	-	-	-	-	-	-	-	-	-	-	-	-	-	.	1	1	1	1	1	1	1	1	1	1	1	1	1	1	1	1	1	1	1	1	1	1	1	1	1	1	1	1	1	1	1	1	1	1	1	1	1	1	1	1	1	1	1	1	1	1	1	1	1	1	1	1	1	1	1	1	1	1	1	1	1	1	1	1	1	1	1	1	1	1	.	0	0	0	0	0	0	0	0	0	0	0	0	0	0	0	0	0	0	0	0	0	0	0	0	0	.	.	.	.	.	.	.	.	.	.	.	.	.	.	1	1	1	1	1	1	1	1	1	1	1	1	1	1	1	1	1	1	1	
169	20	F	cp2a	40		elephant	o	lion	l	elephant	familiar	T	3	333.00	2000	3800	-	-	-	-	-	-	-	.	.	.	0	0	0	0	0	0	0	0	0	0	0	0	0	0	0	0	0	0	0	0	0	0	0	0	.	1	1	1	1	1	1	1	1	1	1	1	1	1	1	1	1	1	1	1	1	1	1	1	1	1	1	1	1	1	1	1	1	1	1	1	.	.	.	0	0	0	0	0	0	0	0	0	0	0	0	0	0	0	0	0	0	0	0	0	0	0	0	0	0	0	0	0	0	0	0	0	.	.	1	1	1	1	1	1	1	1	1	1	1	1	1	1	1	1	1	1	1	1	1	1	1	1	1	1	1	1	1	1	1	1	1	1	1	1	1	1	1	1	1	
169	20	F	cp2a	41		pig	o	cow	r	cow	familiar	D	4	767.00	2000	3800	-	-	-	-	-	-	-	.	.	1	1	1	1	1	1	1	1	.	.	0	0	0	0	0	0	0	0	0	0	0	0	0	0	0	0	0	0	0	0	0	0	0	0	0	0	0	0	0	0	0	0	0	0	0	0	0	0	0	0	0	0	0	0	0	0	0	0	0	0	0	0	0	0	0	0	0	0	0	0	0	0	0	0	.	.	.	.	1	1	1	1	1	1	1	1	1	1	1	1	1	1	1	1	1	1	1	1	1	1	1	1	1	1	1	1	1	1	1	1	1	1	1	1	1	1	1	1	1	1	1	1	1	1	1	1	1	1	1	1	1	1	1	1	1	1	1	1	
